-15.6493
-15.6488
-15.648
-15.647
-15.6456
-15.6441
-15.6423
-15.6402
-15.6379
-15.6353
-15.6325
-15.6294
-15.6261
-15.6225
-15.6187
-15.6146
-15.6103
-15.6057
-15.6009
-15.5958
-15.5905
-15.5849
-15.579
-15.573
-15.5666
-15.5601
-15.5532
-15.5462
-15.5388
-15.5313
-15.5235
-15.5154
-15.5071
-15.4985
-15.4897
-15.4807
-15.4714
-15.4618
-15.4521
-15.442
-15.4317
-15.4212
-15.4104
-15.3993
-15.388
-15.3764
-15.3646
-15.3525
-15.3401
-15.3275
-15.3146
-15.3014
-15.288
-15.2743
-15.2605
-15.2464
-15.2322
-15.2177
-15.203
-15.1882
-15.1732
-15.1579
-15.1426
-15.127
-15.1113
-15.0955
-15.0794
-15.0632
-15.0468
-15.0303
-15.0135
-14.9965
-14.9794
-14.962
-14.9445
-14.9267
-14.9088
-14.8907
-14.8724
-14.8538
-14.8351
-14.8162
-14.797
-14.7777
-14.7581
-14.7383
-14.7183
-14.6981
-14.6776
-14.657
-14.6362
-14.6152
-14.594
-14.5726
-14.551
-14.5293
-14.5074
-14.4854
-14.4632
-14.4408
-14.4183
-14.3956
-14.3728
-14.3498
-14.3267
-14.3035
-14.2801
-14.2567
-14.233
-14.2093
-14.1854
-14.1613
-14.1372
-14.1129
-14.0885
-14.064
-14.0393
-14.0146
-13.9898
-13.9649
-13.9399
-13.9149
-13.8898
-13.8646
-13.8394
-13.8141
-13.7888
-13.7634
-13.7379
-13.7124
-13.6868
-13.6611
-13.6354
-13.6096
-13.5837
-13.5578
-13.5318
-13.5058
-13.4797
-13.4535
-13.4272
-13.4008
-13.3743
-13.3477
-13.3209
-13.2941
-13.2671
-13.24
-13.2128
-13.1854
-13.158
-13.1305
-13.1029
-13.0752
-13.0474
-13.0196
-12.9917
-12.9638
-12.9358
-12.9078
-12.8797
-12.8515
-12.8233
-12.7951
-12.7667
-12.7384
-12.71
-12.6816
-12.6531
-12.6247
-12.5962
-12.5677
-12.5392
-12.5107
-12.4821
-12.4535
-12.4249
-12.3963
-12.3677
-12.339
-12.3103
-12.2817
-12.253
-12.2243
-12.1957
-12.1671
-12.1385
-12.1099
-12.0814
-12.0529
-12.0245
-11.9961
-11.9677
-11.9393
-11.911
-11.8827
-11.8544
-11.8261
-11.7978
-11.7695
-11.7412
-11.7128
-11.6844
-11.656
-11.6276
-11.5991
-11.5706
-11.5421
-11.5135
-11.4849
-11.4563
-11.4277
-11.3991
-11.3705
-11.3419
-11.3132
-11.2845
-11.2558
-11.2271
-11.1984
-11.1697
-11.1409
-11.1122
-11.0835
-11.0548
-11.0262
-10.9976
-10.969
-10.9405
-10.912
-10.8835
-10.855
-10.8265
-10.798
-10.7695
-10.741
-10.7125
-10.6839
-10.6554
-10.6269
-10.5984
-10.5699
-10.5415
-10.513
-10.4847
-10.4564
-10.4281
-10.3999
-10.3718
-10.3438
-10.3158
-10.2878
-10.2599
-10.232
-10.2041
-10.1763
-10.1485
-10.1208
-10.0931
-10.0654
-10.0378
-10.0103
-9.9828
-9.9553
-9.9279
-9.9006
-9.8733
-9.846
-9.8187
-9.7915
-9.7643
-9.7372
-9.71
-9.683
-9.6559
-9.6289
-9.602
-9.5752
-9.5484
-9.5216
-9.4949
-9.4683
-9.4418
-9.4152
-9.3888
-9.3624
-9.336
-9.3096
-9.2833
-9.2569
-9.2306
-9.2043
-9.178
-9.1517
-9.1254
-9.099
-9.0727
-9.0464
-9.0202
-8.9939
-8.9676
-8.9414
-8.9152
-8.889
-8.8628
-8.8367
-8.8106
-8.7845
-8.7585
-8.7325
-8.7066
-8.6807
-8.6549
-8.6291
-8.6034
-8.5777
-8.552
-8.5264
-8.5009
-8.4753
-8.4498
-8.4243
-8.3988
-8.3733
-8.3478
-8.3224
-8.2969
-8.2715
-8.2461
-8.2208
-8.1955
-8.1703
-8.1451
-8.1201
-8.0951
-8.0701
-8.0453
-8.0206
-7.996
-7.9714
-7.947
-7.9226
-7.8984
-7.8742
-7.8501
-7.8261
-7.8022
-7.7783
-7.7546
-7.7309
-7.7072
-7.6836
-7.6601
-7.6366
-7.6132
-7.5897
-7.5663
-7.5429
-7.5195
-7.4961
-7.4727
-7.4494
-7.426
-7.4028
-7.3796
-7.3564
-7.3333
-7.3102
-7.2872
-7.2643
-7.2414
-7.2186
-7.1958
-7.1731
-7.1505
-7.128
-7.1055
-7.0831
-7.0608
-7.0386
-7.0164
-6.9943
-6.9722
-6.9502
-6.9282
-6.9063
-6.8844
-6.8625
-6.8406
-6.8188
-6.7971
-6.7753
-6.7537
-6.732
-6.7105
-6.6889
-6.6675
-6.6461
-6.6247
-6.6035
-6.5823
-6.5612
-6.5402
-6.5192
-6.4984
-6.4776
-6.4568
-6.4361
-6.4154
-6.3947
-6.3741
-6.3534
-6.3327
-6.312
-6.2913
-6.2706
-6.2498
-6.2291
-6.2084
-6.1876
-6.1667
-6.1458
-6.1251
-6.1046
-6.0842
-6.064
-6.0438
-6.0237
-6.0036
-5.9835
-5.9636
-5.9437
-5.9238
-5.9041
-5.8844
-5.8649
-5.8454
-5.8261
-5.8069
-5.7878
-5.7688
-5.7499
-5.7311
-5.7124
-5.6938
-5.6752
-5.6566
-5.6381
-5.6197
-5.6013
-5.5829
-5.5646
-5.5464
-5.5282
-5.5101
-5.4921
-5.4741
-5.4561
-5.4383
-5.4204
-5.4027
-5.3849
-5.3672
-5.3496
-5.332
-5.3144
-5.2967
-5.2791
-5.2615
-5.2438
-5.2262
-5.2085
-5.1908
-5.1731
-5.1553
-5.1376
-5.1198
-5.1021
-5.0843
-5.0665
-5.0488
-5.031
-5.0133
-4.9957
-4.978
-4.9604
-4.9429
-4.9254
-4.908
-4.8906
-4.8733
-4.8561
-4.8389
-4.8218
-4.8048
-4.7878
-4.771
-4.7542
-4.7376
-4.721
-4.7045
-4.6882
-4.6719
-4.6557
-4.6397
-4.6237
-4.6079
-4.5922
-4.5765
-4.561
-4.5456
-4.5302
-4.515
-4.4999
-4.4849
-4.47
-4.4552
-4.4405
-4.4258
-4.4112
-4.3967
-4.3822
-4.3678
-4.3534
-4.3391
-4.3248
-4.3105
-4.2964
-4.2823
-4.2682
-4.2542
-4.2402
-4.2263
-4.2124
-4.1985
-4.1847
-4.1708
-4.157
-4.1432
-4.1295
-4.1157
-4.102
-4.0884
-4.0748
-4.0612
-4.0476
-4.0341
-4.0206
-4.0072
-3.9938
-3.9804
-3.9671
-3.9538
-3.9405
-3.9273
-3.9141
-3.9009
-3.8877
-3.8745
-3.8613
-3.8482
-3.835
-3.8219
-3.8088
-3.7957
-3.7826
-3.7696
-3.7565
-3.7435
-3.7305
-3.7175
-3.7046
-3.6918
-3.679
-3.6662
-3.6535
-3.6408
-3.6282
-3.6157
-3.6032
-3.5908
-3.5784
-3.5661
-3.5539
-3.5417
-3.5295
-3.5173
-3.5051
-3.493
-3.4809
-3.4687
-3.4566
-3.4445
-3.4324
-3.4202
-3.4081
-3.396
-3.3839
-3.3719
-3.3598
-3.3478
-3.3359
-3.3239
-3.312
-3.3002
-3.2884
-3.2767
-3.265
-3.2534
-3.2419
-3.2304
-3.219
-3.2077
-3.1964
-3.1852
-3.1742
-3.1632
-3.1523
-3.1416
-3.131
-3.1204
-3.11
-3.0996
-3.0894
-3.0792
-3.0691
-3.059
-3.049
-3.039
-3.0291
-3.0192
-3.0093
-2.9994
-2.9896
-2.9798
-2.97
-2.9603
-2.9506
-2.9409
-2.9313
-2.9217
-2.9122
-2.9027
-2.8933
-2.8839
-2.8746
-2.8653
-2.856
-2.8467
-2.8375
-2.8283
-2.8191
-2.8099
-2.8008
-2.7917
-2.7826
-2.7735
-2.7645
-2.7554
-2.7463
-2.7372
-2.728
-2.7189
-2.7098
-2.7007
-2.6915
-2.6824
-2.6732
-2.6641
-2.655
-2.6459
-2.6368
-2.6278
-2.6189
-2.61
-2.6011
-2.5924
-2.5836
-2.575
-2.5664
-2.558
-2.5496
-2.5413
-2.5331
-2.525
-2.517
-2.5091
-2.5013
-2.4936
-2.486
-2.4784
-2.4709
-2.4635
-2.4562
-2.4489
-2.4416
-2.4345
-2.4273
-2.4202
-2.4132
-2.4062
-2.3992
-2.3923
-2.3854
-2.3786
-2.3719
-2.3652
-2.3586
-2.3521
-2.3457
-2.3394
-2.3332
-2.3271
-2.3211
-2.3152
-2.3093
-2.3034
-2.2976
-2.2918
-2.2861
-2.2803
-2.2746
-2.2688
-2.2631
-2.2574
-2.2516
-2.2459
-2.2401
-2.2344
-2.2286
-2.2228
-2.217
-2.2111
-2.2053
-2.1994
-2.1935
-2.1876
-2.1816
-2.1756
-2.1695
-2.1634
-2.1572
-2.151
-2.1447
-2.1384
-2.1321
-2.1257
-2.1193
-2.1129
-2.1065
-2.1
-2.0935
-2.087
-2.0805
-2.074
-2.0676
-2.0611
-2.0547
-2.0483
-2.042
-2.0357
-2.0294
-2.0232
-2.0171
-2.011
-2.0051
-1.9991
-1.9933
-1.9875
-1.9818
-1.9763
-1.9707
-1.9653
-1.9601
-1.9549
-1.9499
-1.945
-1.9403
-1.9357
-1.9313
-1.927
-1.9228
-1.9188
-1.9148
-1.9111
-1.9074
-1.9039
-1.9005
-1.8972
-1.8939
-1.8908
-1.8877
-1.8847
-1.8817
-1.8788
-1.8758
-1.8729
-1.87
-1.8671
-1.8642
-1.8613
-1.8583
-1.8554
-1.8524
-1.8494
-1.8463
-1.8432
-1.8401
-1.8369
-1.8337
-1.8304
-1.827
-1.8236
-1.8202
-1.8167
-1.8132
-1.8097
-1.8061
-1.8026
-1.799
-1.7955
-1.7919
-1.7884
-1.7848
-1.7813
-1.7777
-1.7742
-1.7706
-1.767
-1.7634
-1.7598
-1.7561
-1.7524
-1.7488
-1.7451
-1.7414
-1.7378
-1.7342
-1.7307
-1.7272
-1.7237
-1.7203
-1.7169
-1.7137
-1.7104
-1.7073
-1.7042
-1.7012
-1.6982
-1.6953
-1.6924
-1.6896
-1.6869
-1.6842
-1.6816
-1.679
-1.6765
-1.674
-1.6715
-1.6691
-1.6666
-1.6642
-1.6618
-1.6595
-1.6571
-1.6548
-1.6525
-1.6502
-1.6479
-1.6457
-1.6434
-1.6412
-1.639
-1.6369
-1.6347
-1.6325
-1.6303
-1.6281
-1.626
-1.6238
-1.6217
-1.6196
-1.6175
-1.6154
-1.6133
-1.6112
-1.6092
-1.6071
-1.6051
-1.6031
-1.6011
-1.5992
-1.5973
-1.5954
-1.5936
-1.5918
-1.5901
-1.5885
-1.5869
-1.5854
-1.5838
-1.5824
-1.5809
-1.5795
-1.5782
-1.5768
-1.5755
-1.5742
-1.5729
-1.5716
-1.5704
-1.5691
-1.5679
-1.5667
-1.5654
-1.5642
-1.5629
-1.5617
-1.5604
-1.5592
-1.5579
-1.5567
-1.5554
-1.5542
-1.5531
-1.5519
-1.5508
-1.5498
-1.5487
-1.5477
-1.5467
-1.5458
-1.5448
-1.5439
-1.543
-1.5421
-1.5413
-1.5404
-1.5395
-1.5385
-1.5376
-1.5367
-1.5357
-1.5347
-1.5337
-1.5328
-1.5318
-1.5308
-1.5299
-1.5289
-1.528
-1.5271
-1.5262
-1.5254
-1.5246
-1.5238
-1.5231
-1.5225
-1.5218
-1.5212
-1.5206
-1.5201
-1.5195
-1.519
-1.5185
-1.5179
-1.5174
-1.5168
-1.5163
-1.5157
-1.5151
-1.5145
-1.5139
-1.5133
-1.5127
-1.5121
-1.5115
-1.5109
-1.5102
-1.5096
-1.509
-1.5084
-1.5078
-1.5072
-1.5066
-1.506
-1.5055
-1.505
-1.5045
-1.5041
-1.5037
-1.5033
-1.5029
-1.5026
-1.5022
-1.5019
-1.5016
-1.5013
-1.501
-1.5008
-1.5006
-1.5003
-1.5001
-1.4999
-1.4997
-1.4995
-1.4993
-1.4991
-1.499
-1.4989
-1.4988
-1.4988
-1.4989
-1.499
-1.4992
-1.4994
-1.4997
-1.4999
-1.5003
-1.5006
-1.501
-1.5014
-1.5018
-1.5022
-1.5025
-1.5029
-1.5033
-1.5037
-1.5042
-1.5046
-1.505
-1.5054
-1.5059
-1.5063
-1.5067
-1.5071
-1.5075
-1.5079
-1.5083
-1.5087
-1.5091
-1.5096
-1.51
-1.5105
-1.5109
-1.5114
-1.5119
-1.5124
-1.5129
-1.5134
-1.5139
-1.5144
-1.5149
-1.5154
-1.5159
-1.5164
-1.5169
-1.5174
-1.5178
-1.5183
-1.5187
-1.5191
-1.5195
-1.5199
-1.5202
-1.5206
-1.5209
-1.5213
-1.5216
-1.522
-1.5223
-1.5227
-1.5231
-1.5235
-1.5239
-1.5243
-1.5247
-1.5251
-1.5255
-1.5259
-1.5263
-1.5267
-1.5271
-1.5274
-1.5278
-1.5281
-1.5284
-1.5286
-1.5288
-1.529
-1.5291
-1.5291
-1.5292
-1.5291
-1.5291
-1.529
-1.5288
-1.5287
-1.5285
-1.5283
-1.5282
-1.5281
-1.5281
-1.5281
-1.5282
-1.5283
-1.5285
-1.5287
-1.5291
-1.5295
-1.5299
-1.5305
-1.5311
-1.5318
-1.5326
-1.5335
-1.5344
-1.5355
-1.5366
-1.5378
-1.539
-1.5402
-1.5415
-1.5428
-1.544
-1.5453
-1.5465
-1.5476
-1.5487
-1.5497
-1.5506
-1.5515
-1.5523
-1.553
-1.5536
-1.5542
-1.5547
-1.5552
-1.5555
-1.5559
-1.5562
-1.5565
-1.5567
-1.557
-1.5572
-1.5574
-1.5576
-1.5578
-1.558
-1.5581
-1.5583
-1.5584
-1.5585
-1.5587
-1.5588
-1.5588
-1.5589
-1.559
-1.5591
-1.5592
-1.5593
-1.5594
-1.5596
-1.5598
-1.5601
-1.5605
-1.5608
-1.5613
-1.5618
-1.5623
-1.563
-1.5636
-1.5644
-1.5651
-1.566
-1.5669
-1.5678
-1.5687
-1.5696
-1.5705
-1.5714
-1.5723
-1.5731
-1.5739
-1.5746
-1.5752
-1.5757
-1.5762
-1.5766
-1.5769
-1.5771
-1.5773
-1.5773
-1.5773
-1.5772
-1.5771
-1.5769
-1.5766
-1.5763
-1.5759
-1.5755
-1.575
-1.5746
-1.5741
-1.5737
-1.5732
-1.5728
-1.5723
-1.5719
-1.5715
-1.5711
-1.5708
-1.5705
-1.5703
-1.5701
-1.57
-1.57
-1.5699
-1.57
-1.57
-1.5701
-1.5702
-1.5704
-1.5705
-1.5707
-1.5709
-1.5711
-1.5713
-1.5715
-1.5717
-1.5719
-1.5722
-1.5725
-1.5728
-1.5731
-1.5734
-1.5738
-1.5742
-1.5746
-1.5749
-1.5753
-1.5757
-1.576
-1.5764
-1.5768
-1.5771
-1.5775
-1.5778
-1.5781
-1.5784
-1.5787
-1.579
-1.5792
-1.5795
-1.5797
-1.5798
-1.5799
-1.58
-1.5801
-1.5801
-1.58
-1.58
-1.5798
-1.5796
-1.5794
-1.5791
-1.5787
-1.5783
-1.5778
-1.5772
-1.5765
-1.5757
-1.5748
-1.5738
-1.5727
-1.5716
-1.5703
-1.569
-1.5676
-1.5661
-1.5646
-1.5631
-1.5615
-1.5598
-1.5582
-1.5565
-1.5548
-1.5531
-1.5514
-1.5496
-1.5479
-1.5461
-1.5444
-1.5426
-1.5408
-1.5391
-1.5373
-1.5355
-1.5338
-1.5321
-1.5304
-1.5288
-1.5273
-1.5258
-1.5243
-1.523
-1.5217
-1.5204
-1.5192
-1.5181
-1.5169
-1.5158
-1.5147
-1.5137
-1.5126
-1.5116
-1.5106
-1.5096
-1.5086
-1.5076
-1.5067
-1.5057
-1.5048
-1.5038
-1.5029
-1.502
-1.5011
-1.5003
-1.4994
-1.4986
-1.4977
-1.4969
-1.4961
-1.4953
-1.4944
-1.4936
-1.4929
-1.4921
-1.4913
-1.4905
-1.4898
-1.489
-1.4882
-1.4874
-1.4866
-1.4858
-1.485
-1.4842
-1.4834
-1.4826
-1.4818
-1.4811
-1.4803
-1.4796
-1.4789
-1.4782
-1.4776
-1.4769
-1.4762
-1.4756
-1.4749
-1.4743
-1.4735
-1.4728
-1.472
-1.4712
-1.4703
-1.4694
-1.4684
-1.4674
-1.4663
-1.4651
-1.4638
-1.4626
-1.4612
-1.4598
-1.4584
-1.4568
-1.4553
-1.4537
-1.452
-1.4502
-1.4484
-1.4466
-1.4447
-1.4428
-1.4408
-1.4389
-1.4369
-1.4349
-1.4329
-1.4309
-1.4289
-1.4269
-1.4249
-1.423
-1.421
-1.4191
-1.4171
-1.4151
-1.4131
-1.4111
-1.409
-1.4068
-1.4047
-1.4025
-1.4002
-1.3979
-1.3956
-1.3932
-1.3908
-1.3883
-1.3858
-1.3833
-1.3806
-1.378
-1.3753
-1.3726
-1.3699
-1.3672
-1.3646
-1.3619
-1.3592
-1.3566
-1.354
-1.3515
-1.3489
-1.3464
-1.344
-1.3415
-1.3391
-1.3367
-1.3344
-1.332
-1.3297
-1.3274
-1.325
-1.3227
-1.3204
-1.3182
-1.3159
-1.3137
-1.3115
-1.3093
-1.3071
-1.3049
-1.3028
-1.3007
-1.2986
-1.2965
-1.2944
-1.2923
-1.2902
-1.2881
-1.286
-1.2839
-1.2817
-1.2795
-1.2773
-1.275
-1.2727
-1.2704
-1.2681
-1.2657
-1.2633
-1.2609
-1.2585
-1.256
-1.2536
-1.251
-1.2485
-1.2459
-1.2433
-1.2406
-1.2379
-1.2352
-1.2324
-1.2297
-1.2269
-1.2242
-1.2215
-1.2188
-1.2161
-1.2134
-1.2108
-1.2082
-1.2057
-1.2031
-1.2006
-1.1981
-1.1955
-1.193
-1.1904
-1.1878
-1.1852
-1.1825
-1.1798
-1.1771
-1.1743
-1.1716
-1.1688
-1.166
-1.1631
-1.1603
-1.1574
-1.1545
-1.1516
-1.1486
-1.1457
-1.1428
-1.1398
-1.1368
-1.1339
-1.1309
-1.1279
-1.125
-1.1219
-1.1189
-1.1158
-1.1127
-1.1094
-1.1062
-1.1029
-1.0995
-1.0961
-1.0927
-1.0892
-1.0857
-1.0821
-1.0786
-1.075
-1.0715
-1.068
-1.0646
-1.0612
-1.0578
-1.0545
-1.0513
-1.0481
-1.0449
-1.0418
-1.0387
-1.0357
-1.0326
-1.0296
-1.0267
-1.0237
-1.0207
-1.0177
-1.0148
-1.0118
-1.0088
-1.0058
-1.0028
-0.99977
-0.99674
-0.9937
-0.99063
-0.98754
-0.98443
-0.98127
-0.97808
-0.97485
-0.97158
-0.96828
-0.96494
-0.96158
-0.95819
-0.95477
-0.95133
-0.94787
-0.94438
-0.94087
-0.93733
-0.93377
-0.93016
-0.9265
-0.92279
-0.91901
-0.91517
-0.91125
-0.90725
-0.90319
-0.89905
-0.89486
-0.89061
-0.88633
-0.88203
-0.87772
-0.87343
-0.86915
-0.86492
-0.86074
-0.85662
-0.85257
-0.8486
-0.8447
-0.84088
-0.83713
-0.83346
-0.82986
-0.82632
-0.82285
-0.81943
-0.81604
-0.81269
-0.80937
-0.80605
-0.80273
-0.7994
-0.79605
-0.79267
-0.78926
-0.78582
-0.78235
-0.77886
-0.77535
-0.77183
-0.7683
-0.76476
-0.76123
-0.75772
-0.75423
-0.75079
-0.74739
-0.74403
-0.74073
-0.73747
-0.73424
-0.73104
-0.72786
-0.7247
-0.72154
-0.71838
-0.71522
-0.71206
-0.7089
-0.70573
-0.70256
-0.69938
-0.6962
-0.69302
-0.68986
-0.68671
-0.68358
-0.68045
-0.67735
-0.67426
-0.67118
-0.66813
-0.6651
-0.6621
-0.65914
-0.65621
-0.65333
-0.65049
-0.64771
-0.64497
-0.64229
-0.63964
-0.63702
-0.63443
-0.63184
-0.62925
-0.62667
-0.62407
-0.62146
-0.61882
-0.61615
-0.61344
-0.61069
-0.60789
-0.60503
-0.60212
-0.59912
-0.59605
-0.5929
-0.58967
-0.58635
-0.58297
-0.57951
-0.57601
-0.57246
-0.56887
-0.56524
-0.56159
-0.55791
-0.55422
-0.55051
-0.54679
-0.54306
-0.53935
-0.53565
-0.53199
-0.52836
-0.52477
-0.52122
-0.5177
-0.51423
-0.51079
-0.50737
-0.50397
-0.50058
-0.4972
-0.49382
-0.49044
-0.48706
-0.48369
-0.48034
-0.477
-0.47368
-0.47039
-0.46712
-0.46387
-0.46065
-0.45746
-0.45429
-0.45114
-0.44802
-0.44491
-0.4418
-0.43869
-0.43556
-0.43241
-0.42923
-0.42604
-0.42282
-0.41959
-0.41635
-0.4131
-0.40984
-0.40658
-0.40332
-0.40005
-0.39678
-0.3935
-0.39021
-0.38688
-0.3835
-0.38008
-0.37662
-0.37311
-0.36956
-0.36598
-0.36237
-0.35873
-0.35506
-0.35136
-0.34762
-0.34386
-0.34005
-0.33622
-0.33234
-0.32845
-0.32453
-0.32062
-0.31672
-0.31283
-0.30899
-0.30518
-0.30143
-0.29774
-0.29409
-0.29049
-0.28692
-0.2834
-0.27991
-0.27646
-0.27305
-0.26969
-0.26636
-0.26308
-0.25985
-0.25665
-0.2535
-0.25038
-0.2473
-0.24424
-0.24122
-0.23822
-0.23527
-0.23236
-0.2295
-0.22669
-0.22395
-0.22128
-0.21867
-0.21613
-0.21366
-0.21125
-0.20891
-0.20662
-0.20439
-0.20222
-0.20009
-0.19801
-0.19597
-0.19396
-0.19199
-0.19005
-0.18814
-0.18625
-0.18439
-0.18254
-0.1807
-0.17887
-0.17702
-0.17516
-0.17326
-0.17133
-0.16936
-0.16734
-0.16529
-0.16318
-0.16101
-0.15878
-0.15648
-0.15413
-0.15172
-0.14927
-0.1468
-0.14431
-0.1418
-0.13928
-0.13676
-0.13424
-0.13171
-0.12919
-0.12667
-0.12415
-0.12163
-0.11912
-0.1166
-0.11409
-0.1116
-0.10914
-0.10669
-0.10427
-0.10186
-0.099458
-0.0972
-0.095006
-0.092857
-0.090738
-0.08864
-0.086393
-0.084142
-0.08189
-0.079645
-0.077416
-0.075215
-0.073053
-0.07094
-0.068883
-0.066885
-0.064944
-0.063056
-0.061215
-0.059409
-0.057629
-0.055867
-0.054116
-0.052371
-0.05063
-0.048896
-0.047174
-0.04547
-0.043789
-0.042132
-0.040495
-0.038874
-0.037265
-0.035661
-0.034058
-0.032454
-0.030847
-0.029236
-0.027621
-0.026003
-0.024381
-0.022756
-0.021126
-0.019488
-0.017843
-0.01619
-0.014533
-0.012874
-0.011218
-0.0095674
-0.0079279
-0.0063037
-0.0046977
-0.0031092
-0.0015342
3.3535e-05
0.001603
0.0031849
0.0047916
0.0064339
0.0081206
0.009858
0.01165
0.013502
0.015414
0.017388
0.019418
0.021502
0.023634
0.025807
0.028015
0.030254
0.032518
0.034804
0.03711
0.039432
0.041767
0.044112
0.046463
0.048818
0.051179
0.053544
0.055917
0.0583
0.060695
0.063105
0.065527
0.067961
0.0704
0.072836
0.075259
0.077654
0.080005
0.082292
0.084493
0.086592
0.088583
0.090467
0.09225
0.093941
0.095552
0.097092
0.098574
0.10001
0.1014
0.10276
0.10436
0.10591
0.10737
0.1087
0.10987
0.11073
0.11154
0.1123
0.11301
0.1137
0.11437
0.11503
0.11569
0.11636
0.11704
0.11774
0.11846
0.11919
0.11995
0.12072
0.1215
0.1223
0.12312
0.12395
0.12481
0.1257
0.12661
0.12755
0.12849
0.12944
0.13037
0.13129
0.13218
0.13305
0.13389
0.13471
0.13549
0.13625
0.13696
0.13763
0.13825
0.1388
0.13929
0.1397
0.14005
0.14033
0.14056
0.14073
0.14085
0.14093
0.14077
0.14067
0.14064
0.14065
0.14072
0.14081
0.14089
0.14095
0.14099
0.14099
0.14096
0.1409
0.1408
0.14068
0.14054
0.1404
0.14027
0.14017
0.14012
0.14011
0.14014
0.14022
0.14034
0.14049
0.14066
0.14085
0.14106
0.14128
0.14151
0.14174
0.14198
0.14223
0.14249
0.14275
0.14302
0.14329
0.14357
0.14384
0.1441
0.14435
0.14459
0.1448
0.14499
0.14516
0.14528
0.14537
0.1454
0.14537
0.14527
0.14508
0.14482
0.14448
0.14406
0.14358
0.14303
0.14243
0.14176
0.14104
0.14026
0.13944
0.13859
0.13771
0.13682
0.13593
0.13503
0.13415
0.13329
0.13245
0.13165
0.13089
0.13017
0.12948
0.12884
0.12823
0.12766
0.12712
0.12661
0.12612
0.12565
0.12518
0.12473
0.12429
0.12387
0.12346
0.12306
0.12268
0.12232
0.12197
0.12164
0.12132
0.12101
0.12071
0.12042
0.12012
0.11982
0.1195
0.11915
0.11876
0.11834
0.11787
0.11737
0.11682
0.11624
0.11561
0.11494
0.11437
0.1138
0.11321
0.11259
0.11191
0.11095
0.10992
0.10881
0.10763
0.10638
0.10507
0.10369
0.10225
0.10075
0.099189
0.097583
0.095934
0.094249
0.092537
0.090805
0.089056
0.087294
0.085525
0.08375
0.081974
0.080195
0.078416
0.07664
0.074869
0.073107
0.071357
0.069625
0.067914
0.066231
0.064581
0.062967
0.061394
0.059864
0.058377
0.056929
0.055518
0.054135
0.052775
0.051432
0.050104
0.048792
0.047492
0.0462
0.044906
0.043605
0.042295
0.040974
0.039647
0.038317
0.036989
0.035669
0.034361
0.033068
0.031787
0.030513
0.029237
0.027954
0.026658
0.025341
0.023998
0.022621
0.021204
0.019744
0.01824
0.016689
0.015088
0.013435
0.011731
0.0099846
0.0082032
0.0063964
0.0045713
0.0027332
0.0008858
-0.00096795
-0.0028242
-0.0046783
-0.0065255
-0.0083623
-0.010187
-0.011998
-0.013796
-0.015581
-0.017352
-0.019113
-0.02087
-0.022634
-0.024415
-0.026224
-0.028072
-0.029967
-0.031914
-0.033915
-0.035971
-0.038083
-0.04025
-0.042472
-0.044748
-0.047075
-0.04945
-0.051871
-0.054334
-0.056834
-0.059366
-0.061924
-0.064503
-0.067103
-0.069725
-0.072372
-0.075046
-0.077749
-0.080485
-0.083253
-0.086053
-0.088882
-0.091739
-0.094613
-0.097496
-0.10037
-0.10324
-0.10609
-0.1089
-0.11169
-0.11445
-0.11718
-0.1199
-0.1226
-0.12531
-0.12802
-0.13076
-0.13352
-0.13632
-0.13914
-0.142
-0.14489
-0.1478
-0.15074
-0.15369
-0.15667
-0.15966
-0.16265
-0.16564
-0.16862
-0.17157
-0.1745
-0.17739
-0.18026
-0.1831
-0.1859
-0.18867
-0.19141
-0.19412
-0.19681
-0.19946
-0.20209
-0.20471
-0.2073
-0.2099
-0.21248
-0.21507
-0.21766
-0.22026
-0.22285
-0.22544
-0.22802
-0.23058
-0.23314
-0.23568
-0.23821
-0.24073
-0.24323
-0.24571
-0.24817
-0.25061
-0.25304
-0.25545
-0.25784
-0.26022
-0.2626
-0.26496
-0.26731
-0.26965
-0.27198
-0.2743
-0.2766
-0.2789
-0.28118
-0.28345
-0.28572
-0.288
-0.29031
-0.29265
-0.29505
-0.2975
-0.30002
-0.30262
-0.3053
-0.30807
-0.31093
-0.31389
-0.31695
-0.3201
-0.32335
-0.32668
-0.3301
-0.33359
-0.33714
-0.34073
-0.34435
-0.348
-0.35165
-0.35531
-0.35896
-0.36261
-0.36625
-0.36987
-0.37347
-0.37706
-0.38063
-0.38419
-0.38775
-0.39131
-0.39487
-0.39845
-0.40204
-0.40564
-0.40924
-0.41285
-0.41646
-0.42006
-0.42365
-0.42722
-0.43076
-0.43428
-0.43777
-0.44123
-0.44467
-0.44808
-0.45148
-0.45485
-0.4582
-0.46152
-0.4648
-0.46806
-0.47129
-0.47449
-0.47768
-0.48086
-0.48404
-0.48722
-0.4904
-0.49357
-0.49674
-0.4999
-0.50305
-0.5062
-0.50933
-0.51245
-0.51558
-0.51871
-0.52184
-0.525
-0.52818
-0.53139
-0.53463
-0.5379
-0.54119
-0.54452
-0.54788
-0.55126
-0.55468
-0.55811
-0.56156
-0.56503
-0.56852
-0.57203
-0.57555
-0.5791
-0.58268
-0.58628
-0.58991
-0.59355
-0.59722
-0.6009
-0.60461
-0.60834
-0.61208
-0.61583
-0.61959
-0.62335
-0.62711
-0.63085
-0.63458
-0.63828
-0.64194
-0.64558
-0.64918
-0.65275
-0.6563
-0.65983
-0.66335
-0.66686
-0.67037
-0.67389
-0.67741
-0.68095
-0.68451
-0.6881
-0.69171
-0.69537
-0.69906
-0.7028
-0.70658
-0.71043
-0.71434
-0.71832
-0.72236
-0.72646
-0.73061
-0.73479
-0.739
-0.74323
-0.74747
-0.75171
-0.75597
-0.76025
-0.76454
-0.76885
-0.7732
-0.77758
-0.782
-0.78646
-0.79096
-0.79549
-0.80005
-0.80462
-0.80921
-0.8138
-0.81838
-0.82297
-0.82755
-0.8321
-0.83661
-0.84107
-0.84545
-0.84976
-0.85399
-0.85812
-0.86216
-0.8661
-0.86995
-0.87371
-0.87735
-0.8809
-0.88433
-0.88766
-0.89088
-0.894
-0.89701
-0.89994
-0.90278
-0.90555
-0.90827
-0.91095
-0.91362
-0.91628
-0.91895
-0.92165
-0.92439
-0.92717
-0.93002
-0.93292
-0.93587
-0.93888
-0.94195
-0.94506
-0.94822
-0.95143
-0.95468
-0.95797
-0.96129
-0.96465
-0.96803
-0.97144
-0.97487
-0.97832
-0.98177
-0.98523
-0.98871
-0.99221
-0.99574
-0.99929
-1.0029
-1.0065
-1.0102
-1.0139
-1.0176
-1.0213
-1.0251
-1.0289
-1.0327
-1.0366
-1.0404
-1.0443
-1.0482
-1.0521
-1.056
-1.0599
-1.0638
-1.0677
-1.0716
-1.0755
-1.0793
-1.083
-1.0867
-1.0904
-1.094
-1.0975
-1.101
-1.1044
-1.1078
-1.1112
-1.1146
-1.1179
-1.1213
-1.1247
-1.1281
-1.1316
-1.1351
-1.1386
-1.1422
-1.1459
-1.1496
-1.1534
-1.1573
-1.1612
-1.1651
-1.1691
-1.1732
-1.1773
-1.1814
-1.1856
-1.1898
-1.1941
-1.1984
-1.2027
-1.207
-1.2113
-1.2155
-1.2198
-1.224
-1.2282
-1.2324
-1.2365
-1.2406
-1.2447
-1.2487
-1.2528
-1.2568
-1.2608
-1.2648
-1.2688
-1.2728
-1.2767
-1.2806
-1.2845
-1.2884
-1.2922
-1.296
-1.2998
-1.3035
-1.3073
-1.311
-1.3147
-1.3183
-1.322
-1.3256
-1.3292
-1.3328
-1.3363
-1.3397
-1.3432
-1.3466
-1.3499
-1.3532
-1.3564
-1.3596
-1.3626
-1.3657
-1.3686
-1.3715
-1.3744
-1.3772
-1.38
-1.3828
-1.3855
-1.3883
-1.3911
-1.3938
-1.3966
-1.3994
-1.4021
-1.4049
-1.4077
-1.4105
-1.4132
-1.416
-1.4187
-1.4214
-1.4241
-1.4268
-1.4295
-1.4321
-1.4347
-1.4373
-1.4398
-1.4424
-1.445
-1.4476
-1.4501
-1.4527
-1.4553
-1.4578
-1.4604
-1.4629
-1.4653
-1.4678
-1.4702
-1.4726
-1.4749
-1.4773
-1.4796
-1.482
-1.4843
-1.4867
-1.489
-1.4914
-1.4939
-1.4963
-1.4988
-1.5013
-1.5038
-1.5064
-1.509
-1.5116
-1.5143
-1.517
-1.5197
-1.5224
-1.5252
-1.528
-1.5307
-1.5335
-1.5363
-1.5391
-1.5418
-1.5445
-1.5472
-1.5498
-1.5524
-1.555
-1.5575
-1.5601
-1.5626
-1.565
-1.5674
-1.5698
-1.5722
-1.5745
-1.5768
-1.5791
-1.5812
-1.5834
-1.5855
-1.5876
-1.5897
-1.5917
-1.5937
-1.5958
-1.5979
-1.6
-1.6021
-1.6042
-1.6064
-1.6085
-1.6107
-1.613
-1.6152
-1.6176
-1.6199
-1.6223
-1.6246
-1.627
-1.6294
-1.6318
-1.6341
-1.6365
-1.6388
-1.6412
-1.6434
-1.6457
-1.6479
-1.6502
-1.6524
-1.6546
-1.6568
-1.659
-1.6613
-1.6636
-1.666
-1.6684
-1.6709
-1.6734
-1.676
-1.6786
-1.6812
-1.6839
-1.6865
-1.689
-1.6916
-1.6941
-1.6965
-1.6989
-1.7012
-1.7035
-1.7057
-1.7079
-1.71
-1.7121
-1.7141
-1.7161
-1.718
-1.7198
-1.7216
-1.7234
-1.725
-1.7267
-1.7282
-1.7297
-1.7311
-1.7325
-1.7339
-1.7352
-1.7364
-1.7377
-1.7389
-1.7401
-1.7413
-1.7425
-1.7438
-1.745
-1.7463
-1.7475
-1.7488
-1.7502
-1.7515
-1.7529
-1.7542
-1.7556
-1.7569
-1.7582
-1.7595
-1.7608
-1.7621
-1.7634
-1.7646
-1.7658
-1.767
-1.7682
-1.7694
-1.7706
-1.7717
-1.7729
-1.774
-1.7751
-1.7762
-1.7774
-1.7785
-1.7796
-1.7808
-1.7819
-1.7831
-1.7843
-1.7856
-1.7868
-1.7881
-1.7894
-1.7907
-1.792
-1.7933
-1.7946
-1.7959
-1.7972
-1.7985
-1.7997
-1.801
-1.8022
-1.8034
-1.8046
-1.8058
-1.8069
-1.808
-1.8091
-1.8102
-1.8112
-1.8122
-1.8132
-1.8141
-1.815
-1.8159
-1.8167
-1.8175
-1.8183
-1.819
-1.8196
-1.8203
-1.821
-1.8216
-1.8223
-1.823
-1.8237
-1.8243
-1.825
-1.8257
-1.8263
-1.8269
-1.8274
-1.8279
-1.8283
-1.8287
-1.8291
-1.8293
-1.8296
-1.8297
-1.8299
-1.83
-1.8301
-1.8302
-1.8303
-1.8304
-1.8306
-1.8307
-1.8308
-1.831
-1.8312
-1.8315
-1.8318
-1.8321
-1.8325
-1.8329
-1.8333
-1.8338
-1.8343
-1.8349
-1.8354
-1.836
-1.8367
-1.8373
-1.838
-1.8387
-1.8395
-1.8403
-1.8411
-1.8419
-1.8427
-1.8435
-1.8443
-1.8451
-1.8459
-1.8467
-1.8475
-1.8482
-1.849
-1.8497
-1.8504
-1.8511
-1.8517
-1.8523
-1.8529
-1.8534
-1.8539
-1.8543
-1.8547
-1.855
-1.8553
-1.8556
-1.8558
-1.856
-1.8561
-1.8562
-1.8562
-1.8562
-1.8561
-1.856
-1.8558
-1.8555
-1.8552
-1.8549
-1.8545
-1.8541
-1.8537
-1.8532
-1.8527
-1.8522
-1.8517
-1.8512
-1.8507
-1.8502
-1.8498
-1.8494
-1.8491
-1.8487
-1.8485
-1.8482
-1.848
-1.8478
-1.8476
-1.8474
-1.8472
-1.847
-1.8468
-1.8466
-1.8464
-1.8462
-1.846
-1.8458
-1.8456
-1.8453
-1.845
-1.8447
-1.8445
-1.8441
-1.8438
-1.8435
-1.8431
-1.8428
-1.8424
-1.8419
-1.8415
-1.841
-1.8404
-1.8397
-1.8391
-1.8385
-1.8379
-1.8372
-1.8366
-1.8359
-1.8352
-1.8345
-1.8337
-1.833
-1.8322
-1.8314
-1.8306
-1.8298
-1.8289
-1.828
-1.8271
-1.8262
-1.8253
-1.8244
-1.8235
-1.8226
-1.8217
-1.8209
-1.8202
-1.8195
-1.8189
-1.8183
-1.8179
-1.8175
-1.8172
-1.817
-1.8168
-1.8167
-1.8167
-1.8168
-1.8169
-1.817
-1.8172
-1.8174
-1.8177
-1.8179
-1.8182
-1.8184
-1.8186
-1.8188
-1.819
-1.8191
-1.8192
-1.8192
-1.8192
-1.8191
-1.8189
-1.8187
-1.8184
-1.818
-1.8175
-1.817
-1.8165
-1.8158
-1.8152
-1.8145
-1.8138
-1.813
-1.8123
-1.8115
-1.8108
-1.8101
-1.8095
-1.8088
-1.8082
-1.8077
-1.8072
-1.8067
-1.8063
-1.806
-1.8056
-1.8054
-1.8051
-1.8049
-1.8047
-1.8046
-1.8045
-1.8044
-1.8043
-1.8043
-1.8043
-1.8044
-1.8044
-1.8045
-1.8047
-1.8048
-1.8051
-1.8053
-1.8057
-1.806
-1.8065
-1.8069
-1.8074
-1.808
-1.8086
-1.8091
-1.8096
-1.81
-1.8104
-1.8107
-1.811
-1.8111
-1.8112
-1.8112
-1.8112
-1.8111
-1.8109
-1.8106
-1.8104
-1.8101
-1.8098
-1.8095
-1.8091
-1.8088
-1.8084
-1.808
-1.8076
-1.8072
-1.8067
-1.8062
-1.8058
-1.8052
-1.8047
-1.8042
-1.8037
-1.8032
-1.8028
-1.8023
-1.802
-1.8017
-1.8015
-1.8014
-1.8013
-1.8013
-1.8013
-1.8015
-1.8017
-1.802
-1.8023
-1.8026
-1.803
-1.8035
-1.8039
-1.8043
-1.8048
-1.8052
-1.8056
-1.806
-1.8064
-1.8068
-1.8071
-1.8075
-1.8079
-1.8082
-1.8086
-1.8089
-1.8093
-1.8096
-1.8099
-1.8103
-1.8106
-1.8109
-1.8112
-1.8115
-1.8118
-1.8121
-1.8123
-1.8126
-1.8128
-1.8129
-1.8131
-1.8132
-1.8133
-1.8133
-1.8134
-1.8134
-1.8134
-1.8134
-1.8135
-1.8135
-1.8136
-1.8136
-1.8137
-1.8139
-1.814
-1.8142
-1.8143
-1.8146
-1.8148
-1.8151
-1.8154
-1.8157
-1.8162
-1.8166
-1.8171
-1.8177
-1.8183
-1.8189
-1.8196
-1.8203
-1.8211
-1.822
-1.8229
-1.8239
-1.825
-1.826
-1.8272
-1.8283
-1.8295
-1.8307
-1.8319
-1.8331
-1.8344
-1.8357
-1.837
-1.8383
-1.8396
-1.841
-1.8424
-1.8438
-1.8453
-1.8468
-1.8483
-1.8499
-1.8514
-1.853
-1.8545
-1.8561
-1.8576
-1.8591
-1.8606
-1.8621
-1.8635
-1.8649
-1.8663
-1.8676
-1.869
-1.8703
-1.8715
-1.8728
-1.8741
-1.8753
-1.8766
-1.8778
-1.8791
-1.8804
-1.8817
-1.883
-1.8843
-1.8856
-1.887
-1.8884
-1.8898
-1.8913
-1.8928
-1.8944
-1.8961
-1.8978
-1.8996
-1.9015
-1.9035
-1.9055
-1.9076
-1.9097
-1.9119
-1.9141
-1.9164
-1.9187
-1.921
-1.9234
-1.9257
-1.9281
-1.9304
-1.9327
-1.9351
-1.9373
-1.9396
-1.9418
-1.9441
-1.9463
-1.9484
-1.9506
-1.9527
-1.9549
-1.957
-1.9592
-1.9614
-1.9635
-1.9657
-1.9679
-1.9702
-1.9725
-1.9748
-1.9771
-1.9795
-1.9819
-1.9844
-1.9869
-1.9894
-1.992
-1.9947
-1.9974
-2.0002
-2.003
-2.0059
-2.0088
-2.0118
-2.0149
-2.018
-2.0211
-2.0243
-2.0275
-2.0307
-2.034
-2.0372
-2.0405
-2.0438
-2.0472
-2.0505
-2.0539
-2.0573
-2.0608
-2.0643
-2.0678
-2.0713
-2.0749
-2.0786
-2.0822
-2.086
-2.0898
-2.0936
-2.0975
-2.1014
-2.1053
-2.1093
-2.1132
-2.117
-2.1209
-2.1247
-2.1285
-2.1323
-2.136
-2.1398
-2.1436
-2.1473
-2.1511
-2.1549
-2.1587
-2.1625
-2.1663
-2.1702
-2.174
-2.178
-2.1819
-2.186
-2.19
-2.1942
-2.1984
-2.2026
-2.207
-2.2114
-2.2158
-2.2203
-2.2249
-2.2296
-2.2343
-2.239
-2.2438
-2.2487
-2.2536
-2.2585
-2.2635
-2.2685
-2.2735
-2.2786
-2.2837
-2.2889
-2.294
-2.2992
-2.3044
-2.3097
-2.3149
-2.3202
-2.3255
-2.3308
-2.3362
-2.3416
-2.347
-2.3525
-2.358
-2.3635
-2.3691
-2.3747
-2.3804
-2.3861
-2.3918
-2.3975
-2.4032
-2.409
-2.4147
-2.4205
-2.4262
-2.432
-2.4377
-2.4435
-2.4492
-2.455
-2.4607
-2.4665
-2.4722
-2.478
-2.4838
-2.4895
-2.4953
-2.501
-2.5068
-2.5125
-2.5182
-2.5239
-2.5296
-2.5353
-2.541
-2.5466
-2.5523
-2.5579
-2.5636
-2.5693
-2.5751
-2.5809
-2.5868
-2.5927
-2.5988
-2.6049
-2.6111
-2.6175
-2.6239
-2.6304
-2.637
-2.6436
-2.6503
-2.657
-2.6638
-2.6706
-2.6775
-2.6844
-2.6914
-2.6984
-2.7054
-2.7125
-2.7197
-2.7269
-2.7341
-2.7413
-2.7486
-2.756
-2.7633
-2.7708
-2.7782
-2.7857
-2.7933
-2.8009
-2.8086
-2.8163
-2.824
-2.8319
-2.8398
-2.8478
-2.8559
-2.864
-2.8722
-2.8805
-2.8888
-2.8972
-2.9056
-2.9142
-2.9227
-2.9314
-2.9401
-2.949
-2.9578
-2.9668
-2.9758
-2.9849
-2.994
-3.0032
-3.0124
-3.0216
-3.0309
-3.0402
-3.0496
-3.059
-3.0684
-3.0779
-3.0874
-3.097
-3.1066
-3.1163
-3.126
-3.1357
-3.1454
-3.1552
-3.165
-3.1747
-3.1845
-3.1942
-3.2039
-3.2135
-3.2231
-3.2326
-3.2421
-3.2515
-3.2609
-3.2702
-3.2795
-3.2888
-3.2981
-3.3073
-3.3166
-3.3259
-3.3353
-3.3447
-3.3541
-3.3637
-3.3733
-3.3829
-3.3927
-3.4025
-3.4124
-3.4224
-3.4325
-3.4427
-3.453
-3.4634
-3.4739
-3.4846
-3.4953
-3.5062
-3.5172
-3.5283
-3.5395
-3.5509
-3.5623
-3.5738
-3.5854
-3.5971
-3.6089
-3.6207
-3.6325
-3.6444
-3.6564
-3.6684
-3.6804
-3.6925
-3.7046
-3.7166
-3.7287
-3.7408
-3.7529
-3.765
-3.7771
-3.7892
-3.8013
-3.8133
-3.8253
-3.8374
-3.8494
-3.8615
-3.8736
-3.8857
-3.8979
-3.9101
-3.9223
-3.9346
-3.9469
-3.9592
-3.9716
-3.9841
-3.9966
-4.0091
-4.0216
-4.0342
-4.0469
-4.0595
-4.0723
-4.085
-4.0978
-4.1106
-4.1235
-4.1364
-4.1493
-4.1623
-4.1754
-4.1885
-4.2017
-4.2149
-4.2281
-4.2415
-4.2549
-4.2684
-4.282
-4.2956
-4.3093
-4.3232
-4.3371
-4.351
-4.3651
-4.3792
-4.3934
-4.4077
-4.422
-4.4363
-4.4507
-4.465
-4.4794
-4.4938
-4.5083
-4.5227
-4.5371
-4.5515
-4.5659
-4.5803
-4.5947
-4.6091
-4.6234
-4.6378
-4.6522
-4.6666
-4.681
-4.6955
-4.71
-4.7246
-4.7392
-4.7539
-4.7687
-4.7836
-4.7986
-4.8137
-4.8289
-4.8442
-4.8596
-4.8752
-4.8908
-4.9064
-4.9222
-4.938
-4.9539
-4.9698
-4.9858
-5.0018
-5.0178
-5.0339
-5.05
-5.0662
-5.0824
-5.0986
-5.1149
-5.1313
-5.1477
-5.1642
-5.1807
-5.1973
-5.214
-5.2307
-5.2476
-5.2646
-5.2816
-5.2988
-5.3161
-5.3335
-5.3511
-5.3687
-5.3865
-5.4044
-5.4224
-5.4405
-5.4587
-5.4769
-5.4953
-5.5137
-5.5322
-5.5508
-5.5694
-5.5881
-5.6068
-5.6255
-5.6443
-5.663
-5.6818
-5.7005
-5.7193
-5.738
-5.7567
-5.7755
-5.7942
-5.813
-5.8317
-5.8506
-5.8694
-5.8883
-5.9072
-5.9262
-5.9451
-5.9641
-5.9831
-6.0021
-6.0211
-6.04
-6.059
-6.0779
-6.0967
-6.1155
-6.1343
-6.1531
-6.1718
-6.1904
-6.2091
-6.2277
-6.2463
-6.2649
-6.2835
-6.3021
-6.3207
-6.3393
-6.3579
-6.3766
-6.3953
-6.4142
-6.433
-6.452
-6.4711
-6.4902
-6.5094
-6.5288
-6.5483
-6.5679
-6.5876
-6.6075
-6.6276
-6.6478
-6.6681
-6.6886
-6.7093
-6.7301
-6.7511
-6.7721
-6.7933
-6.8146
-6.8359
-6.8574
-6.8789
-6.9004
-6.922
-6.9437
-6.9654
-6.9872
-7.009
-7.0309
-7.0528
-7.0749
-7.0969
-7.119
-7.1412
-7.1634
-7.1856
-7.2079
-7.2302
-7.2526
-7.2749
-7.2974
-7.3198
-7.3423
-7.3649
-7.3874
-7.4099
-7.4325
-7.455
-7.4775
-7.5001
-7.5225
-7.545
-7.5675
-7.59
-7.6125
-7.635
-7.6576
-7.6802
-7.7028
-7.7255
-7.7483
-7.7712
-7.7941
-7.8171
-7.8401
-7.8632
-7.8863
-7.9095
-7.9327
-7.9559
-7.9792
-8.0025
-8.0258
-8.0491
-8.0725
-8.0959
-8.1194
-8.1429
-8.1665
-8.1901
-8.2138
-8.2376
-8.2615
-8.2855
-8.3095
-8.3337
-8.3579
-8.3822
-8.4066
-8.4311
-8.4558
-8.4805
-8.5054
-8.5303
-8.5554
-8.5806
-8.6058
-8.6312
-8.6567
-8.6823
-8.708
-8.7337
-8.7596
-8.7855
-8.8114
-8.8374
-8.8634
-8.8894
-8.9154
-8.9414
-8.9674
-8.9934
-9.0193
-9.0453
-9.0712
-9.0972
-9.1232
-9.1492
-9.1752
-9.2013
-9.2274
-9.2535
-9.2797
-9.3059
-9.3321
-9.3583
-9.3846
-9.4108
-9.4371
-9.4634
-9.4897
-9.516
-9.5423
-9.5685
-9.5948
-9.6211
-9.6473
-9.6736
-9.6999
-9.7261
-9.7524
-9.7787
-9.8051
-9.8314
-9.8579
-9.8844
-9.9109
-9.9376
-9.9643
-9.9911
-10.018
-10.0449
-10.072
-10.099
-10.1262
-10.1533
-10.1806
-10.2078
-10.2351
-10.2625
-10.2899
-10.3174
-10.3449
-10.3724
-10.4
-10.4276
-10.4552
-10.4829
-10.5105
-10.5382
-10.5659
-10.5935
-10.6212
-10.6489
-10.6765
-10.7042
-10.7319
-10.7596
-10.7873
-10.8151
-10.8429
-10.8707
-10.8986
-10.9266
-10.9546
-10.9828
-11.011
-11.0392
-11.0676
-11.096
-11.1245
-11.1531
-11.1817
-11.2104
-11.2392
-11.268
-11.2969
-11.3258
-11.3547
-11.3836
-11.4125
-11.4414
-11.4703
-11.4992
-11.528
-11.5569
-11.5857
-11.6145
-11.6432
-11.6719
-11.7006
-11.7293
-11.7579
-11.7864
-11.8149
-11.8432
-11.8715
-11.8996
-11.9277
-11.9556
-11.9835
-12.0112
-12.0388
-12.0664
-12.0938
-12.1212
-12.1486
-12.1759
-12.2031
-12.2304
-12.2576
-12.2847
-12.3119
-12.339
-12.3662
-12.3933
-12.4204
-12.4475
-12.4746
-12.5018
-12.5289
-12.556
-12.5832
-12.6103
-12.6375
-12.6647
-12.692
-12.7192
-12.7465
-12.7738
-12.8012
-12.8285
-12.8559
-12.8833
-12.9107
-12.9381
-12.9655
-12.993
-13.0204
-13.0478
-13.0751
-13.1024
-13.1297
-13.1569
-13.1841
-13.2112
-13.2382
-13.2652
-13.2921
-13.3189
-13.3457
-13.3723
-13.3989
-13.4254
-13.4518
-13.478
-13.5042
-13.5303
-13.5562
-13.582
-13.6077
-13.6333
-13.6588
-13.6842
-13.7094
-13.7346
-13.7596
-13.7844
-13.8092
-13.8338
-13.8583
-13.8827
-13.9069
-13.9311
-13.9552
-13.9792
-14.0031
-14.0269
-14.0507
-14.0744
-14.098
-14.1215
-14.1449
-14.1682
-14.1915
-14.2147
-14.2378
-14.2608
-14.2837
-14.3065
-14.3292
-14.3518
-14.3743
-14.3967
-14.419
-14.4411
-14.4631
-14.485
-14.5067
-14.5283
-14.5497
-14.571
-14.5921
-14.6131
-14.6338
-14.6544
-14.6748
-14.695
-14.7151
-14.7349
-14.7545
-14.7739
-14.7932
-14.8122
-14.8311
-14.8498
-14.8684
-14.8868
-14.9051
-14.9232
-14.9411
-14.9589
-14.9766
-14.9941
-15.0115
-15.0287
-15.0458
-15.0626
-15.0794
-15.0959
-15.1123
-15.1285
-15.1445
-15.1603
-15.1758
-15.1912
-15.2064
-15.2213
-15.2361
-15.2506
-15.2648
-15.2789
-15.2927
-15.3062
-15.3195
-15.3325
-15.3452
-15.3576
-15.3697
-15.3815
-15.393
-15.4042
-15.4151
-15.4258
-15.4362
-15.4463
-15.4561
-15.4657
-15.475
-15.484
-15.4928
-15.5013
-15.5095
-15.5174
-15.5251
-15.5325
-15.5397
-15.5465
-15.5531
-15.5594
-15.5654
-15.5712
-15.5766
-15.5818
-15.5868
-15.5914
-15.5958
-15.5998
-15.6036
-15.6071
-15.6104
-15.6133
-15.616
-15.6184
-15.6205
-15.6224
-15.6239
-15.6252
-15.6262
-15.6269
-15.6273
-15.6275
-15.6274
-15.627
-15.6263
